Table3-PCA1 - Loadings of principal components of single-site reconstructions

================================================================================================================================================================================================================
   N	Site#	  SiteID	         PC1	         PC2	         PC3	         PC4	         PC5	         PC6	         PC7	         PC8	         PC9	        PC10

   1	    1	   ca677	     0.07661	    -0.056709	     0.065138	     -0.02774	       0.1657	     -0.56013	        0.248	      -0.7551	     0.078396	    -0.082879
   2	    6	   ca691	     0.40708	     -0.25706	       0.1867	      0.22929	      0.30302	      0.61523	     -0.22228	     -0.39728	     0.026855	     0.049871
   3	    7	   ca692	     0.44602	     -0.67661	    -0.040215	     -0.30263	      0.16187	     -0.29909	   -0.0063258	      0.35447	    -0.084894	    -0.038839
   4	   13	     GMH	     0.34561	     -0.16034	     -0.11578	      0.56033	     -0.67576	    -0.048209	      0.25911	    -0.012316	    -0.030864	    -0.016268
   5	   17	     LUR	     0.31426	      0.33143	      0.36298	    -0.010549	    -0.035651	    -0.086505	     -0.18603	      0.11499	     -0.03914	     -0.77551
   6	   19	   ca678	     0.13305	      0.17119	      0.25106	      0.13487	      0.38134	      0.12293	      0.79233	      0.27189	     0.078698	      0.05779
   7	   27	   LUR.e	     0.33749	      0.30195	      0.36022	      0.10679	   -0.0052315	     -0.32594	     -0.32553	      0.14699	      0.33891	      0.55233
   8	   33	   LUR.l	     0.22118	      0.20535	      0.23521	      -0.4104	     -0.24902	     0.098432	      0.11971	     -0.14986	     -0.70657	      0.27826
   9	   35	   CPR.b	     0.37786	      0.39009	     -0.70545	      0.15316	      0.33267	    -0.095218	     -0.08452	      0.03177	     -0.23592	     0.019781
  10	   37	   LUR.b	     0.29661	      0.15013	     -0.26145	     -0.56525	     -0.28014	      0.26149	      0.17911	     -0.11817	      0.55451	    -0.035091

Eigenvalue         		      0.5249	      0.14611	      0.12023	     0.062785	     0.045446	     0.038881	     0.030529	      0.02625	     0.016322	    0.0039177
Pctg Variance     		        51.7	         14.4	         11.8	         6.18	         4.48	         3.83	         3.01	         2.59	         1.61	        0.386
Cum. Pctg Variance		        51.7	         66.1	         77.9	         84.1	         88.6	         92.4	         95.4	           98	         99.6	          100
================================================================================================================================================================================================================

Loadings are graphically shown by heat map in Figure 06
See TrishOutputDescribeMLR1-PCA.pdf for more
