Table3-PCA1 - Loadings of principal components of single-site reconstructions

================================================================================================================================================================================================================================================================================================================
   N	Site#	  SiteID	         PC1	         PC2	         PC3	         PC4	         PC5	         PC6	         PC7	         PC8	         PC9	        PC10	        PC11	        PC12	        PC13	        PC14	        PC15	        PC16

   1	    1	   ca677	    -0.41377	     0.094642	     -0.26415	       0.1969	     -0.13247	     0.090676	      0.12341	     0.010586	     0.029989	     0.071445	    -0.022454	     -0.45161	     -0.47158	      0.14387	     -0.46541	    0.0053916
   2	    2	     LEM	    -0.33796	      0.11752	     -0.24218	      0.19051	    -0.028436	     0.079294	      0.25165	      0.12369	     0.010876	     0.061623	      -0.1895	      0.26962	      0.29537	      0.12288	      0.12401	     -0.67901
   3	    3	   ca632	    -0.17905	     0.030277	     -0.07063	    -0.067577	    -0.026948	     -0.30563	      0.18491	      0.13726	    -0.066152	    -0.011761	     -0.15478	    -0.082876	       -0.465	     -0.46273	      0.58694	    -0.011102
   4	    5	     CPR	    -0.17669	    -0.033628	      0.13105	     0.088612	      0.21854	    -0.041259	     -0.39689	     -0.34155	     -0.12451	    -0.044481	     -0.57787	        0.376	      -0.3072	      0.16626	    -0.058739	      0.02724
   5	    6	   ca691	    -0.20586	     -0.21077	      0.36077	       0.3526	      0.52321	    -0.045533	     0.033566	      0.31669	     -0.46145	   0.00053317	      0.23721	    -0.099449	     0.019836	     0.038288	     -0.01021	    -0.020206
   6	    7	   ca692	     -0.2098	     -0.67539	      0.38389	      0.21273	       -0.356	     0.068678	      0.17793	     -0.12396	      0.34535	   -0.0055585	    -0.041867	     0.042913	     0.015449	    -0.069951	     0.024968	    0.0089511
   7	    9	     IVP	     -0.1274	     0.050261	    -0.035075	     0.057222	     0.036842	     -0.22259	     -0.12532	      0.02961	     0.039431	      0.16749	    0.0064246	      0.22385	       0.1781	     -0.73007	     -0.51438	    -0.013569
   8	   12	     SSP	    -0.44606	       0.0338	     -0.14323	    -0.017307	    -0.054112	     -0.19133	     -0.20871	     -0.50589	    -0.091116	     -0.37968	      0.49405	    0.0037478	      0.14389	   -0.0011995	      0.15092	    0.0021467
   9	   13	     GMH	   -0.025332	     -0.16605	     -0.12108	     -0.02483	     -0.60212	      0.16857	     -0.37035	      0.32189	     -0.55725	    -0.019997	    0.0042918	      0.11348	   -0.0098845	    -0.021143	     0.014654	      0.01404
  10	   15	    BLSP	   -0.030963	      -0.0982	    -0.074761	     0.090333	     0.047389	    -0.036997	     -0.28615	     -0.14016	    -0.051859	      0.11859	     -0.40999	      -0.6603	      0.45597	     -0.11964	      0.16461	    -0.018544
  11	   18	    DGSa	    -0.25653	     -0.13652	      0.14354	     -0.66517	    -0.015793	     -0.22923	      0.26714	       -0.134	     -0.28637	       0.4111	    -0.048068	    -0.016223	      0.10247	      0.17768	     -0.12102	    0.0090369
  12	   19	   ca678	    -0.36453	     0.023868	     0.089903	     -0.39695	      0.23137	       0.6594	     -0.25805	      0.18354	      0.24188	    0.0089647	     0.066719	    -0.017506	     -0.03281	     -0.18628	      0.11473	   -0.0006734
  13	   21	    KAIM	    -0.15492	    -0.062927	     0.041735	     -0.25523	    0.0094005	     -0.42852	     -0.14516	      0.50082	      0.26692	      -0.5199	     -0.17457	    -0.054108	      0.10071	        0.194	     -0.16375	   5.1474e-05
  14	   22	   LEM.e	    -0.30491	      0.12185	     -0.21499	      0.18437	   -0.0036375	     0.076698	      0.26298	      0.12542	   -0.0042874	     0.033994	     -0.17255	      0.21585	      0.29878	     0.072291	      0.11636	      0.73186
  15	   32	   LTV.l	    -0.12035	     0.062821	   -0.0092853	      0.15408	    -0.049167	     -0.30124	     -0.43529	      0.18674	      0.33384	      0.60015	      0.25394	     0.073018	    -0.049658	      0.24282	      0.19064	     0.031987
  16	   36	   LTV.b	    -0.13397	       0.6259	      0.67317	     0.087723	     -0.32756	    0.0069384	     0.031323	    -0.017617	    -0.024536	    -0.039455	    -0.062737	    -0.094642	     0.072573	    -0.014868	     0.012892	    -0.010361

Eigenvalue         		  1.6571e+05	        40835	        30403	        22178	        19711	        12588	         9650	       8604.9	       6881.7	       6436.7	       6304.3	         4727	       3914.2	       3615.4	       2813.4	       167.37
Pctg Variance     		        48.1	         11.9	         8.82	         6.44	         5.72	         3.65	          2.8	          2.5	            2	         1.87	         1.83	         1.37	         1.14	         1.05	        0.817	       0.0486
Cum. Pctg Variance		        48.1	         59.9	         68.8	         75.2	         80.9	         84.6	         87.4	         89.9	         91.9	         93.7	         95.6	         96.9	         98.1	         99.1	          100	          100
================================================================================================================================================================================================================================================================================================================

Loadings are graphically shown by heat map in Figure 06
See TrishOutputDescribeMLR1-PCA.pdf for more
