Table3-PCA1 - Loadings of principal components of single-site reconstructions

================================================================================================================================================================================================================================================
   N	Site#	  SiteID	         PC1	         PC2	         PC3	         PC4	         PC5	         PC6	         PC7	         PC8	         PC9	        PC10	        PC11	        PC12

   1	    5	     CPR	    -0.18733	    0.0022328	      -0.2275	    -0.024806	     -0.20767	      0.12368	     0.031558	     0.077455	     -0.23313	     -0.79053	      0.40916	    -0.020476
   2	    6	   ca691	    -0.45836	      0.14651	     -0.28445	      0.56359	     -0.15895	      0.30411	      0.24055	      0.18547	     -0.19287	      0.35021	    0.0058854	    0.0012739
   3	   11	     LTV	    -0.13848	     -0.52435	      0.16709	     0.033715	      0.19471	     -0.18667	      0.11051	      0.10804	     -0.38154	     0.029726	    -0.032197	     -0.65779
   4	   12	     SSP	    -0.19667	     -0.13929	     -0.19678	     -0.21737	      0.49661	      0.23129	     -0.26537	     0.030082	      0.18221	      0.27172	      0.61432	    0.0095533
   5	   13	     GMH	    -0.32598	     0.025106	     -0.26292	      0.31738	      0.05053	     -0.64642	     -0.49872	     -0.16907	      0.11506	    -0.080557	     -0.07399	     0.018184
   6	   18	    DGSa	    -0.12609	     -0.13732	    -0.066149	      0.22157	      0.48403	     0.091658	      0.39705	     0.031946	      0.55328	     -0.35807	      -0.2758	   -0.0038196
   7	   22	   LEM.e	    -0.16761	     0.043776	     -0.19029	     -0.24052	       0.2279	      0.43334	     -0.44055	    0.0089562	     -0.28425	     -0.12686	     -0.58749	  -0.00043333
   8	   26	   LTV.e	   -0.098013	     -0.41599	      0.14758	      0.03272	      0.20022	     -0.16128	      0.12601	      0.10119	     -0.37198	   -0.0035402	    -0.018283	      0.75071
   9	   29	   CPR.l	     0.22467	     0.085674	      0.54151	      0.58874	      0.18969	      0.26438	     -0.38171	     -0.01809	    -0.063525	     -0.15851	      0.14538	    -0.011275
  10	   32	   LTV.l	    -0.31622	      -0.5449	      0.21534	    -0.027636	      -0.5034	      0.27215	     -0.18579	     -0.23823	      0.36302	      0.02298	    -0.048319	     0.050478
  11	   35	   CPR.b	    -0.43394	      0.26973	      0.45316	     -0.23178	    -0.044578	     -0.14036	    -0.084309	      0.64961	      0.16489	    -0.032899	    -0.028368	    0.0030053
  12	   37	   LUR.b	    -0.44533	      0.33574	      0.35247	     -0.15338	      0.16381	    -0.012612	      0.23419	     -0.65424	     -0.16776	    -0.012512	     0.053228	    -0.014115

Eigenvalue         		      2163.7	       1282.7	       807.69	       623.62	        474.3	       338.51	        277.1	       257.11	       182.81	       128.01	       79.015	       2.6374
Pctg Variance     		        32.7	         19.4	         12.2	         9.42	         7.17	         5.12	         4.19	         3.89	         2.76	         1.93	         1.19	       0.0399
Cum. Pctg Variance		        32.7	         52.1	         64.3	         73.7	         80.9	           86	         90.2	         94.1	         96.8	         98.8	          100	          100
================================================================================================================================================================================================================================================

Loadings are graphically shown by heat map in Figure 06
See TrishOutputDescribeMLR1-PCA.pdf for more
