Table3-PCA1 - Loadings of principal components of single-site reconstructions

================================================================================================================================================================================================================================================================================================================================
   N	Site#	  SiteID	         PC1	         PC2	         PC3	         PC4	         PC5	         PC6	         PC7	         PC8	         PC9	        PC10	        PC11	        PC12	        PC13	        PC14	        PC15	        PC16	        PC17

   1	    1	   ca677	    -0.37275	      0.12192	     -0.14648	    0.0010637	     -0.03327	     0.010735	     -0.18554	     0.041883	     -0.19463	      0.21375	       0.1972	     -0.26707	     -0.26161	      0.25729	     -0.33048	      0.59135	    0.0024759
   2	    2	     LEM	    -0.31085	      0.13326	     -0.18611	    -0.051027	     -0.14489	   -0.0047755	    -0.073345	    -0.073783	    -0.013955	     0.063015	    -0.024143	      -0.2526	      0.09034	      0.18988	      0.29801	     -0.30175	     -0.72381
   3	    3	   ca632	    -0.19248	    -0.075358	     0.035374	     -0.04801	    -0.079664	      0.27572	    -0.010876	     -0.08241	     -0.15348	      0.25584	     -0.14483	     -0.30378	     -0.15681	     -0.76297	     -0.16658	     -0.16643	    0.0038593
   4	    5	     CPR	    -0.11369	    -0.007315	     0.064596	     -0.18326	      0.02493	     -0.03856	     0.016757	    -0.017957	    -0.034713	     -0.12631	    -0.084002	     0.057475	    -0.073627	      -0.2772	      0.73644	      0.54258	    0.0067046
   5	    6	   ca691	   -0.095594	     -0.15959	    0.0066028	      0.46416	      0.16473	     -0.30804	      0.51461	     -0.11299	     0.095699	      0.24593	      0.47228	     -0.15206	    -0.048256	    -0.096583	      0.14953	    -0.021561	    0.0017523
   6	    7	   ca692	    0.083903	      0.86776	      0.38629	      0.18759	     -0.15756	   -0.0051693	      0.13506	    -0.018907	    -0.055343	     0.052987	   -0.0020641	     0.031419	   -0.0086855	    -0.070767	    0.0040607	     0.010987	    0.0032292
   7	   12	     SSP	    -0.40002	     0.019999	     0.054428	    -0.018317	      0.17529	   -0.0040621	     -0.21286	     0.011218	     -0.21807	      0.34747	      0.18151	      0.72478	     0.041972	    -0.060504	     0.042549	     -0.16229	   -0.0018592
   8	   13	     GMH	   -0.036189	    -0.040911	     -0.10765	      0.77633	      0.14988	     0.024488	     -0.34128	     0.040311	     -0.28657	     -0.25492	     -0.28882	    -0.026261	     0.020345	     -0.03664	     0.091408	     0.013884	    0.0081729
   9	   18	    DGSa	    -0.25912	     -0.28599	      0.55819	      0.14953	      -0.2039	   -0.0032104	     0.092207	      0.20299	      0.25677	      0.29288	     -0.45724	    -0.016947	    -0.053562	      0.24412	     0.021709	     0.042439	    0.0056776
  10	   19	   ca678	    -0.33387	    -0.078089	       0.3168	     -0.12388	     -0.13953	     -0.42471	    -0.054427	      0.30962	     -0.16729	     -0.55921	      0.23095	    -0.074311	    -0.050384	     -0.15092	     -0.14019	     -0.15325	   -0.0059683
  11	   21	    KAIM	    -0.18864	     -0.14901	       0.3538	     0.034775	    -0.019569	      0.50754	      0.10367	     -0.57596	      -0.1147	     -0.32203	      0.21444	    0.0049375	      0.15043	      0.16211	    -0.037257	     0.046958	   0.00062134
  12	   22	   LEM.e	    -0.26937	      0.12179	     -0.14272	     -0.08163	     -0.11381	    0.0041556	     -0.10635	    -0.044265	    -0.076694	     0.095678	     0.016605	     -0.30035	     0.089558	      0.22465	      0.33454	     -0.34186	      0.68304
  13	   28	   LEM.l	    -0.41787	      0.13738	     -0.39046	      0.11505	     -0.24832	    -0.091535	      0.16839	     -0.21558	      0.49855	     -0.23694	     -0.21162	      0.24202	     0.094154	       -0.155	     -0.18918	     0.099719	     0.096241
  14	   29	   CPR.l	   -0.095753	      0.12734	      0.23167	    -0.082051	      0.62562	     -0.17825	     -0.40805	      -0.2196	      0.46606	    0.0065535	   -0.0035569	     -0.21745	     0.058474	    -0.074204	    -0.049503	    -0.018594	   -0.0067469
  15	   32	   LTV.l	    -0.14236	      0.11106	    -0.083628	   -0.0061543	      0.34087	      0.38363	      0.24131	      0.27051	      0.14554	     -0.22678	    -0.017077	     0.067089	     -0.65425	      0.12271	     0.080808	     -0.19637	    0.0010022
  16	   33	   LUR.l	     -0.1442	     0.064388	    -0.047164	     -0.20386	      0.42053	     -0.24314	      0.45311	     -0.15676	     -0.43252	    -0.025135	     -0.47311	    -0.038666	      0.14703	        0.101	     -0.14274	     0.014203	    0.0033525
  17	   36	   LTV.b	    -0.15922	     0.067821	    -0.042822	     0.026601	      0.21286	      0.37733	      0.15179	      0.55463	     0.091034	    -0.018215	      0.12449	      -0.1062	      0.62514	    -0.074467	    -0.027776	      0.12899	   -0.0041682

Eigenvalue         		  2.2973e+05	        51037	        36448	        28668	        24460	        20704	        18234	        14882	        14355	        13739	        10001	       8510.6	       5948.8	       4530.4	         4312	       3481.4	       38.759
Pctg Variance     		          47	         10.4	         7.45	         5.86	            5	         4.23	         3.73	         3.04	         2.94	         2.81	         2.04	         1.74	         1.22	        0.926	        0.882	        0.712	      0.00792
Cum. Pctg Variance		          47	         57.4	         64.9	         70.7	         75.7	           80	         83.7	         86.7	         89.7	         92.5	         94.5	         96.3	         97.5	         98.4	         99.3	          100	          100
================================================================================================================================================================================================================================================================================================================================

Loadings are graphically shown by heat map in Figure 06
See TrishOutputDescribeMLR1-PCA.pdf for more
